%YAML:1.0
---
camera_matrix: !!opencv-matrix
   rows: 3
   cols: 3
   dt: d
   data: [ 8.0941038901970330e+02, 0., 2.7788908603672422e+02, 0.,
       8.1049184374208892e+02, 3.0419166329563444e+02, 0., 0., 1. ]
dist_coeff: !!opencv-matrix
   rows: 1
   cols: 5
   dt: d
   data: [ -2.4757303473826822e-01, 1.1136684314321741e+00,
       -3.5682505401356695e-03, 1.2777867387607771e-02,
       -1.3279887611753045e+00 ]
